10000
166000
75483
499479
580278
538451
279324
483839
990645
990993
770350
897640
757993
561658
59556
247778
328803
9450
217893
370203
902354
323123
978102
425713
272196
878526
975790
571487
496298
74156
776893
100353
403278
368729
116184
499909
907180
911861
983748
897826
902854
270451
795466
660847
348461
371374
908625
677264
897177
642870
47467
799531
965993
541921
741597
238189
420447
717387
809676
433098
307895
102922
49803
227526
471651
165987
727435
895183
77848
711183
309361
980702
497986
621179
157901
846447
992554
582878
523711
889731
225748
87531
205614
191741
629452
947211
429930
566252
180951
755959
515702
5198
375233
565505
232724
846884
731492
960159
742067
325693
187695
51429
822747
202033
188960
980649
48481
181514
563527
572192
587597
789276
176075
309564
497369
321880
773127
927300
404484
470430
199611
920186
475629
574844
485691
708353
421728
733535
184865
680147
575580
888912
247928
398328
90945
436889
895329
655778
134755
458856
744323
238705
764484
920398
548269
261854
758630
321396
705506
163114
791827
905117
83300
783808
996313
85343
8513
934393
335231
709730
614540
910811
598642
378821
825491
205940
332062
720820
861718
466817
696029
606041
221874
460513
42792
770143
238719
801422
607892
460577
964537
916071
365694
564189
699879
878359
165885
708392
812752
501116
418123
943645
928279
533117
838818
753771
255409
170880
474591
633480
154049
170620
239521
375924
147486
798665
662419
902557
600088
270311
363135
80977
702734
245181
645166
918965
123541
327403
627358
936293
828519
561833
396290
273151
611302
235108
543274
866712
405988
534217
500192
560038
704838
256065
452314
368676
54731
114733
271233
171171
901397
634368
252148
604131
879550
897314
523097
519443
224718
666807
972088
569589
744992
368379
359092
356294
119839
902366
739358
525828
436584
755902
602218
657774
11968
570884
542802
583051
685617
814035
754222
587014
964756
6370
707498
360658
420036
230595
396453
161106
897402
368541
730696
158746
736920
606140
515040
373112
508507
770751
415292
461443
526653
17510
119217
54973
104746
662019
638024
790363
992406
908598
893730
473514
431320
601228
834172
851357
348175
230625
12463
761929
115519
259511
920675
368791
865652
952067
741903
374159
722818
157195
351954
249472
691057
471171
304445
795803
649542
458822
102519
641948
367420
512601
631815
798741
113829
982339
166450
978356
729317
178913
740285
844836
954777
177312
213627
820429
129379
955531
710940
852198
629078
62894
101670
320136
50417
922467
632291
699959
381289
734810
858259
265062
247411
490074
580155
877592
472414
746605
372300
201731
925518
628937
46567
880295
806249
776546
217076
935629
248429
928016
304179
877508
507262
922201
713996
557679
844668
346287
257638
742310
597450
115898
7372
361213
122324
587527
755158
594738
334132
643810
796469
776002
272748
359388
172650
78997
652287
389726
530978
900716
834095
835157
294576
341357
757358
8572
899037
118379
871212
673027
860689
985014
305277
868061
862579
427602
455588
134089
22340
306072
777900
335162
82074
50648
210902
771076
129645
863189
160803
176976
280258
994898
528485
574834
852607
285844
99759
267996
404223
487323
941024
264912
472337
246301
649325
334916
673903
621265
469006
212596
927337
763258
547758
525763
813906
275012
296840
459903
138202
973995
636879
418460
485245
165365
509646
337852
967561
609405
605849
888136
96728
63225
669400
85417
309526
318725
936686
499782
939990
922044
712378
383679
685302
776488
909442
499208
51500
722634
959111
706054
696629
112343
640866
181874
794060
150513
36079
277973
276270
641928
166109
372999
705153
835509
458416
531031
154234
395102
30813
610576
317146
259543
994255
518800
552383
420049
18008
120236
659036
493472
826290
355665
122167
983509
53892
916227
134022
606323
710552
410292
248251
876661
299643
469756
712170
758060
517139
382756
669514
64305
509684
503013
323848
20291
21813
392584
956692
556174
512820
615728
565998
855462
487746
688165
838971
57990
120744
972993
664313
831296
899638
428916
224309
199281
898672
936479
473693
932163
835587
659560
996468
345271
162573
836669
881914
700738
229253
838606
773264
742073
454335
339262
597535
942081
27427
952859
516423
664523
925852
180736
12171
341842
609652
236480
541124
24676
689311
531169
956839
524898
190729
953308
386521
869654
789977
268435
86745
535582
107042
860009
277655
77729
199272
391542
536162
743051
344401
52585
923927
786606
233321
936098
644800
359325
172579
185924
384001
861890
233446
857192
903141
424175
326852
289662
810182
633181
74450
896927
168763
697844
756936
962770
775573
472560
870665
828087
215612
731418
880672
139539
518024
630345
591989
162825
506022
764568
865101
406375
142811
614899
263567
562304
555427
590420
851966
365609
739953
442768
262536
908717
656964
535824
387839
432537
524737
258504
776976
740349
989923
174000
396240
24299
320697
988229
703476
826719
269150
84930
233094
928313
699829
13014
490617
255256
119786
858935
137217
859739
818056
916105
284808
475020
968282
672648
423910
493019
447504
200886
233368
953779
374887
145960
978079
695584
650541
197907
38656
436043
799189
788102
364356
499019
801116
371325
270627
437254
230261
924197
813346
48317
840302
98154
523337
808584
287154
947247
301603
734659
664486
51323
688438
39373
197283
182869
251309
364177
380777
289965
800220
179966
594420
680929
195337
911888
52254
982317
349143
282515
906514
162489
847184
263168
776995
886874
71753
64150
834121
889708
315161
498607
941032
3599
54332
654667
702821
821994
18844
83598
111959
335417
779916
222731
16346
491606
134620
68600
990275
483763
867468
896789
162604
231004
676309
455951
117878
748062
520101
468352
154123
351614
483311
95155
355214
53996
266174
58035
875990
285019
657985
504301
136788
954253
727033
153134
962211
861653
738086
952486
861768
121906
365627
540724
869263
41937
996675
503493
306351
33129
971845
460474
384743
971509
71981
256309
25505
338156
830696
901495
139527
5033
405796
276315
959287
649181
945801
921498
510834
200239
390337
888954
838498
755964
429678
707761
797901
426354
211254
620605
975835
699452
597431
360578
670961
669413
616888
696466
523921
447584
114313
663448
452618
36461
456115
928257
685643
401916
366107
712829
118507
756444
601784
957005
512409
31462
664766
826662
974168
876021
963619
950003
575473
561051
826934
762786
746816
443822
459252
270737
407758
89917
934185
376728
126378
906652
821337
812021
824920
187445
524851
943427
460241
642987
900433
972650
674449
565199
315665
164970
957572
795636
114973
49397
356687
458259
812183
619855
902081
787787
890592
826192
877704
341129
719272
520435
247781
540610
848808
72701
728055
373659
16129
188296
16646
916562
677299
207448
998113
509316
888770
472038
821304
520095
37787
694344
978355
849971
314199
880436
154110
204792
222980
548167
545921
942253
68602
310055
482863
917410
382756
727270
807422
915237
431918
340420
348151
109217
547868
862617
134885
436638
334655
956190
956734
372442
650534
935089
738765
481085
331877
892876
685877
71210
957395
748151
13463
25997
58206
496326
459759
957314
739948
267181
388904
171866
607602
737055
797436
671822
116024
932321
624813
450679
404863
97899
339474
571749
549340
594591
52835
397569
3819
255064
468779
961214
3215
482242
987211
577773
494920
446971
51440
234868
230504
440344
406735
838106
693751
204171
26281
809776
652844
651094
776807
574060
265345
632633
145809
814685
227225
714996
728606
231044
970061
197386
708611
489628
679628
695822
67402
690901
659145
635194
925769
889650
591890
848856
244108
801993
53027
270389
611769
222224
437835
904929
796284
219532
537562
942093
34217
281139
173442
762824
28536
143503
476562
737147
633131
672542
949321
216885
363443
608467
368431
805565
14469
960321
654421
258577
762315
223801
45319
890436
446025
-999506
311717
242309
219039
365632
700754
769608
646771
874196
48784
191659
534051
525346
928806
167183
197889
878128
900420
77684
2947
268852
883249
533768
745525
537671
792345
507840
761472
354016
914629
723849
869875
226346
966158
605266
591978
183264
374874
755102
573813
940011
946761
107864
465357
875568
791399
179598
270048
208172
257283
789347
477024
140532
323115
738901
194555
631812
246742
472379
502181
677723
196228
372056
904069
678738
977322
12400
862003
868548
767502
952168
808559
714263
60032
790269
106183
367784
969867
892583
575956
743502
681930
569332
400387
5045
308233
594942
636858
71327
67322
655391
749050
263550
27447
169472
942289
521121
181872
320644
389669
949374
272812
198229
179989
849196
504850
286173
216980
474717
695108
309288
734572
377039
878620
134959
898436
186854
729901
51646
774533
313575
707037
39936
93478
734484
209408
35767
771957
907632
872763
161627
373358
145575
876208
553347
511123
381058
355872
728104
372127
567333
553744
106699
944372
432365
241658
359160
135571
487912
410807
910104
801487
117844
950040
894965
368681
675800
447084
140638
99784
836199
818617
473142
498126
694825
542842
9250
592235
415066
253706
964363
982399
807450
71062
443123
239815
829073
802284
375386
316985
213091
801843
634824
847287
268235
529790
732320
460388
493226
872959
560172
329426
207928
33315
827552
902754
92509
353154
494989
507575
606860
975704
6327
414311
46767
449450
170478
875840
251734
62217
709177
981177
864060
344001
828465
648647
390143
560785
109035
399722
950096
185560
729148
158025
218875
73052
577131
827736
426207
588472
335311
549419
564177
341638
963730
127296
307441
134209
519488
75527
196426
228665
56705
576838
89018
401522
225485
479162
478659
850873
878884
945108
36433
124384
103133
771660
713788
196616
599396
656347
785088
451059
205767
865617
309050
685849
509265
616491
820058
28753
692018
532836
773770
265075
626026
862789
182949
851512
858303
661609
218737
253539
606717
771522
377923
226202
543182
608063
422818
658930
264411
724258
109989
470178
589876
935391
156027
99141
551882
492438
644247
760253
541626
418017
541680
167653
797158
724630
535517
171813
902591
754254
425352
509308
42128
319627
251862
585310
927691
674680
760592
708454
398938
870581
694984
505166
805973
367363
604308
874207
859801
248555
150812
917780
182924
208845
85433
496435
933475
620950
668248
836066
891556
609953
861726
933684
929580
113588
35346
373623
304620
312290
82077
219910
699223
777061
725077
21548
660777
329385
895756
520578
94292
562920
954710
277216
771765
40143
290003
221592
177445
958252
574010
585353
568205
952088
519037
14137
65676
70735
387761
886648
383025
986190
106559
82249
279604
831636
103797
940381
677373
515905
977311
288017
595178
932022
81585
366943
488517
371589
588536
665963
846193
678898
251316
414398
630987
286706
944887
213015
873793
849000
99664
773171
351543
722575
855420
631147
70563
475569
87880
264288
507827
581543
552305
103005
29917
633890
986300
518435
521831
574836
184398
368024
770087
952066
298774
401074
755124
243662
614089
628918
609014
713753
402089
960557
952680
773861
108056
23243
765782
195936
287531
273609
293832
839836
376614
323749
990079
362915
842184
28262
454103
542934
396287
224190
11353
695061
141616
766477
455075
755706
395395
64090
985811
313836
540999
938492
87697
649056
478087
853480
361344
765619
127089
655176
121807
20056
978926
628238
899323
821110
656501
869778
880397
52788
610321
891750
264201
751937
658227
235629
507643
53623
816071
9807
367459
357070
464651
971509
6126
942738
824989
367471
224709
468430
22647
346517
4838
517925
491107
904161
339036
147608
773940
219433
716748
384261
111183
497302
136198
285762
732931
160194
339385
549002
686353
223197
422424
151004
194706
944903
93742
536047
312374
318452
520829
851373
181321
525668
369299
672428
429829
224687
336389
720121
960472
53137
104382
588007
66791
756933
873769
316074
433479
213155
381428
636184
952704
803853
787188
663762
748756
397282
716161
577482
232086
236990
945207
929759
762658
830858
602188
708840
55545
454929
428961
532369
24418
49696
120376
91210
322981
994146
407284
756460
723653
788713
392644
192709
108918
696184
856471
857674
609818
88984
951508
841905
325974
896715
771664
604985
727574
890204
313825
299471
345133
259138
831841
369552
308834
468569
460762
631815
462715
384398
904627
702720
689463
813623
895429
798381
509807
268252
172407
119626
357236
123915
477883
199563
20631
249547
804548
264557
656104
634725
80380
1237
893863
428573
887141
719050
897143
347903
350865
876210
248654
255493
578931
938117
585468
990712
252851
95276
775317
425258
731254
132553
549174
725489
332116
86157
975036
653016
867066
147492
287741
947446
148730
697957
376020
35871
417007
789515
900127
284224
182077
665133
56069
277360
603250
641538
268073
856101
253166
43390
281360
984420
692295
346886
226261
540764
433043
201297
193780
300109
865142
997874
763907
13872
212183
656279
49743
629190
962146
466222
913414
144224
131355
485836
421584
250958
127374
206009
107059
380540
765751
904771
881312
458047
768009
107573
998811
201052
825222
708943
17513
690364
223169
781421
704236
435352
954052
270332
580894
916199
252906
10661
60423
384262
496497
998359
635220
140223
204369
258631
520763
970120
679755
402075
944519
447764
509648
459682
165169
851222
684978
699034
541587
908147
996807
762175
859852
950860
548859
957098
867059
801766
484111
443834
702380
496960
442193
853952
637183
646562
112583
157946
133035
308690
76373
77554
272807
102373
53589
954328
953596
738567
653362
11535
163066
650170
773710
539270
601030
322570
496369
984441
640688
496832
428275
343068
993793
386820
197020
630976
549735
825955
305275
682770
650998
381648
276676
923805
374
846617
878133
953970
585184
47847
965505
264603
698017
255567
803873
815399
94489
816594
316192
735177
313427
744467
594597
307220
647640
307969
454548
197375
133925
276175
396497
784923
174176
673173
225080
174550
519791
103213
644872
621327
151060
610377
885930
365430
382296
689804
180829
993138
506398
497022
728315
336177
757841
839265
159749
921833
147234
130650
119208
797511
406825
515705
582434
581001
705231
323866
271903
741374
427079
916775
362701
94492
43504
764984
976274
425801
454788
673455
418939
477538
686829
663606
330068
444671
19223
489817
366504
166458
620467
2065
963969
543645
517770
62756
124646
223001
386622
912902
480727
330054
829677
843429
940898
873182
608413
917172
815335
579553
590627
234274
573443
277457
414232
903511
238480
949808
909681
121336
116266
530148
639753
596587
73793
157524
175695
714792
896877
78670
627694
377605
925076
457371
737386
865974
846905
862151
299498
662240
958056
406477
412866
47851
200286
343451
951363
955118
293259
861044
592807
925877
907544
232560
38816
981338
906436
214512
212482
803314
809534
840176
697271
734610
813899
951009
116936
660805
329512
416434
323045
287568
339263
252264
335419
539550
595715
803134
494668
888974
180530
603827
814851
88075
836388
853667
585765
742824
584531
314599
62490
394065
154775
759761
128675
485026
227122
245611
145831
556634
178397
985229
844202
517661
237493
695974
573563
833208
499108
584583
238534
195991
188411
53385
800418
24799
907052
386183
767623
7936
700782
830114
402001
371909
106227
47029
373287
333350
808992
519119
406336
987390
20700
250539
21403
774545
462865
594966
124105
478325
179549
362639
674316
367960
416024
474734
909111
839428
377269
193087
847364
594403
539553
765718
482664
645780
812747
855952
495482
621739
891423
901819
125481
428475
668710
146884
203020
647927
741850
327125
126252
437752
689764
316921
322064
622140
308007
231176
461568
201629
424263
825285
796032
963816
107355
795049
125948
920102
651001
621431
58193
58776
39602
700027
487251
224664
846911
690271
872591
105114
17396
515195
59218
223512
348468
381282
845652
656476
612458
823572
858105
36721
165209
170489
537
272564
965538
126486
709018
616539
264269
283564
675315
820223
983591
162566
44887
346854
369189
433830
451968
902937
465377
511186
126449
813846
892469
488453
470322
21279
312026
844779
58001
477235
15268
574890
266152
980807
217728
975170
597346
481997
258734
789014
818572
242325
467932
863459
105532
837122
813641
557500
740059
279019
585039
382861
609217
993860
871314
595891
15139
183340
440670
589492
176928
455938
164383
959432
436745
898463
934602
550444
380461
709689
855810
715385
468366
323742
578845
573898
677216
908838
647751
933628
704209
232790
316489
313426
743002
187803
909317
274493
887496
866339
863986
580776
322278
544721
540208
275375
443184
991162
342171
339997
700851
197981
55383
685570
38076
150580
775820
231644
59418
423571
165272
279980
172713
481761
593406
915715
669565
19076
190209
557061
885415
570547
137837
724045
115268
194397
515773
558452
185559
857944
898450
402763
572278
953833
88333
126706
104413
380505
358350
680183
804077
39975
960163
493142
521736
69922
925210
707653
88998
631771
781066
490765
202318
435255
731163
317586
629652
246936
392390
815212
621232
290840
734327
709862
761025
339012
836568
865438
719517
711271
61974
39946
751246
22137
533089
272982
92059
458299
980636
697409
90070
278054
704527
808740
713310
435690
642678
342962
198978
35068
674526
820210
842261
408853
530073
603286
747865
882993
985077
983735
594264
47051
23681
345510
69188
556770
134845
677600
531421
631833
375009
137843
909887
79536
946583
623197
31578
589261
482512
230556
624330
157038
567119
466591
82244
97192
586229
830109
496537
571306
330196
90802
134709
353878
952664
203898
427000
603861
397850
958422
752046
289211
96265
178286
368748
559201
801483
916678
148462
800347
147235
289144
957386
714354
755735
39630
327898
858317
386091
824435
429623
716288
915237
564333
586518
384254
284583
13518
504467
682433
488292
256514
971644
100910
434800
856744
176463
752635
773423
324925
552983
437010
614070
510369
151364
886157
66351
479262
744474
452442
820049
690450
685082
251639
771135
271600
635893
55718
801471
656712
254503
806115
913226
742499
423377
348026
599244
599840
617014
889019
441118
169997
326029
571540
196718
993745
457697
263069
989359
718524
231863
809408
925326
433298
61047
696461
221250
213292
752179
22721
870005
523034
345189
299583
265533
768566
163962
381129
884759
780976
270148
325877
950973
112529
897417
664043
106274
871466
443464
611985
106342
675327
421394
31668
108625
998793
244481
329876
728438
513012
868949
598443
36046
730490
414378
301580
15409
578340
199061
900168
359316
469210
742397
826641
98091
156166
490684
720718
543984
934148
332703
650327
125828
754097
198347
750805
269243
959181
597033
997681
472193
982335
112476
508240
712825
526854
326172
728234
105195
525233
144754
980863
510795
887151
323857
608887
559669
814541
329605
103654
265042
178660
270333
907222
449110
985032
174379
718353
944213
771413
232386
416407
270100
344862
440999
982925
388068
767171
227512
9615
292404
372266
990479
803200
775770
314336
928439
335439
645229
774396
955445
426623
953056
225778
850197
402166
727163
24577
636871
671376
312342
869257
604135
582442
214119
45134
81719
118540
812305
309231
128155
104710
197850
634986
424262
973620
465674
869053
825411
110904
643449
297209
53879
596505
39339
420429
515024
766502
961358
151895
437879
790052
537505
42014
888846
751624
87149
970565
870164
415806
279797
514672
36868
993999
149658
461130
967619
615333
846535
309382
242589
489984
606591
812820
602842
162283
233249
117866
928785
710959
786113
883016
501011
323618
441383
389857
591595
44884
876775
978111
460690
672924
492783
497559
666923
642442
475041
150894
774127
321577
460276
16716
811561
583220
829536
930755
745503
579138
564973
190640
290097
867439
73657
307461
191057
515040
213670
299004
559924
90445
277116
536966
763369
286251
34525
946644
445045
25919
97538
219172
347496
557815
752240
675409
657387
98129
122517
919242
677267
687490
109882
483716
554929
183539
307529
262339
214931
521200
561343
774855
127997
354811
828174
891367
157415
379051
838011
602460
404970
451902
337985
268818
9717
606577
460580
183456
704706
583097
102698
898325
786939
212580
382042
858221
396120
205923
636912
127403
727123
714607
902259
371473
69419
246785
262840
743186
625836
617203
861998
547159
69105
199983
815977
595174
806561
792909
294982
27619
892358
397680
925945
679298
126613
824339
53871
39085
30262
690783
166488
273738
405390
585099
645211
991161
831884
424403
734347
457721
41606
596346
4880
627064
312681
337209
738590
635594
130119
33573
663214
538829
431253
589159
734479
74218
413498
788350
113303
960112
995485
279792
233850
400876
864891
879061
908389
213128
819816
159089
670849
861423
755435
192081
4839
584468
45642
743429
220063
692113
293354
883277
230943
240960
472436
965422
315178
402286
270125
428482
362398
265610
708274
596249
182838
89517
991662
607580
302645
811479
766669
489846
189254
38456
198279
710445
622924
760274
970226
842987
452387
263581
242616
683330
504541
231404
165105
819719
633690
951582
248201
512441
217192
472827
625042
916383
78697
616704
523963
897694
944535
290632
387541
650141
329088
102172
360586
468364
862446
330813
827704
314834
594394
70320
514516
615287
301725
195973
435006
451767
147555
199560
480560
881100
188739
105602
797483
267436
722307
837798
165131
183194
128430
69024
833336
973870
171196
710274
442234
33643
557439
269938
864829
151833
856611
895697
283472
674688
91671
718479
126455
755578
434391
123368
636678
623130
228970
950513
890567
467629
788311
572050
650824
433093
641074
512
923315
812270
710786
881902
362265
268226
668192
743446
936411
524803
155496
736236
199491
763519
454715
842299
519097
889106
965667
672128
512236
194637
138993
919155
662267
443657
491205
829443
393102
132279
829955
316418
460902
57093
198320
339519
841671
866512
599318
294435
907668
754814
30671
107159
34685
1738
465810
553782
407196
431477
742262
435784
142467
397608
354940
321086
841265
362497
150529
234367
11129
496836
67137
988383
70281
781809
844254
911953
164674
443572
722740
72342
714738
753411
695853
749423
271501
161664
819558
678697
109493
78172
114481
251960
475780
985773
89398
317045
348271
239927
67765
875752
253115
134902
864135
323397
916712
708389
751702
81386
668314
474442
670080
899404
744205
365933
648828
15706
527597
984738
210755
637091
62910
841588
405403
538691
827362
494802
855736
691985
251081
439853
567737
504197
574756
948224
827594
7820
172965
579296
89206
841279
570090
759286
740684
314295
125219
905864
846353
169169
890602
573460
322612
469864
415048
728015
8555
242410
739169
380644
450747
990251
820497
534836
494448
395253
483060
838394
403073
656026
934042
8631
13657
20484
284269
270693
334779
925841
176557
697484
611362
583511
270944
933974
53376
685992
661989
61931
444755
917511
958927
411854
907762
779425
946691
918562
691030
946103
756956
610456
118481
207350
135439
648491
227834
419709
919184
78965
861902
612094
292801
473264
195605
80097
407238
765333
766089
585579
343617
727196
503090
302544
655403
927204
81969
118446
845766
289352
580901
119074
899808
215735
326424
35247
864226
70610
971308
299762
665927
833210
911856
958728
822826
623814
38825
230064
389147
321267
331996
732764
564815
351438
35309
220218
278643
633630
855016
124409
439334
435918
243484
339142
651653
86260
890742
32231
156871
862050
331993
822798
211613
243850
297879
34439
384016
336704
780856
773163
657971
629204
505928
739139
980642
57589
959357
259285
207571
330726
383695
646906
766644
143531
502400
934649
229791
393142
966880
903014
771545
298873
242165
499510
59075
540044
50301
443091
393100
347509
732607
567424
976713
754887
306563
957356
812476
782272
216641
536399
112998
116688
183305
395994
260219
202058
330643
6363
595200
297523
425729
883097
112749
667894
898959
688176
724290
949261
647620
117391
296770
380227
684815
789836
135114
507730
747192
463942
290002
480185
341
403001
596874
699999
798995
373445
902057
645991
379808
13609
459866
805538
413059
88967
473432
312018
777144
714075
261279
941116
831466
74402
321343
32633
380590
972809
56715
127782
436751
346717
124319
953444
266070
721193
653443
581418
94639
555500
227409
474447
85462
687275
796337
498521
292595
786122
810539
69739
500197
588171
527207
848015
178925
848550
397000
559515
821359
453715
203649
774462
800432
327968
727906
582855
565514
897702
164273
660153
969554
908034
650952
55016
595309
447290
553537
404256
749764
880429
473995
249961
468600
517554
614328
163877
366104
11328
239744
703815
981395
443393
994629
298179
287713
238888
881034
853227
136590
45307
513380
106144
953341
680685
677513
65003
644327
231050
469259
394091
627831
459607
160404
612783
977161
291084
776660
859618
818764
16404
79785
800159
976149
74415
98338
263863
313303
979373
117090
966245
541032
146823
72389
10726
827508
749902
592081
988187
497305
577692
382278
125136
37299
59034
737920
530813
350118
30932
906783
168882
563689
986568
485393
539838
577335
583731
803701
406990
79456
920792
373235
136841
67615
445625
147567
411475
711879
256000
399662
725536
833692
298292
850673
387344
357326
104945
918157
223796
652229
341292
909030
215918
327860
910775
755757
421548
10858
559458
828538
90315
996602
201774
743508
580569
163751
891075
992044
875630
663427
908058
601167
497119
206350
968192
884463
80028
589489
318972
820176
758070
660264
245558
973989
504477
156333
246098
926025
167192
321908
754563
773859
318511
472689
517367
415432
636440
924794
923829
512071
588221
831887
629590
601692
554590
114134
486156
150970
703623
805128
971147
461693
981745
216705
952034
486222
889391
198132
928599
572935
520041
199514
346794
354904
672204
380513
770336
308644
305307
694165
337067
409880
526053
966657
11572
80643
80791
14080
231613
300766
335561
719112
278812
317306
452170
230846
319880
857913
428979
764831
430848
465372
964345
777642
820276
636549
158155
590612
945194
979814
284778
282261
906046
327183
765271
433970
924178
362414
448051
672143
663181
783612
391256
941993
617270
359778
689191
937150
217691
118170
218333
648539
583542
182678
942533
403818
819228
617040
510783
280774
596854
311913
79387
19252
639096
361010
453222
563274
723425
901273
751769
902958
201237
143025
844951
818507
19155
50494
272009
236846
168665
490342
885385
268559
673021
344270
188730
8601
961310
699513
805727
74516
527778
401466
93768
166874
278829
63343
246500
2254
964616
998269
421564
165854
657647
782867
500713
676802
833361
772723
913649
2026
779417
315386
786938
968790
659657
975668
493743
137319
191533
815822
211836
719311
217289
821956
402537
12470
885299
649037
14724
849916
647306
952640
532122
821305
735507
549187
498108
568868
838262
928109
87247
617680
759847
874185
586470
935856
366205
596566
73176
557738
412388
801364
793401
146029
623320
195938
158499
508620
361327
689575
874888
524985
642215
923362
346291
377722
472549
360751
462943
827164
288860
550190
444844
565059
424375
547666
500916
790580
144232
90444
864670
72973
891808
658071
219002
31480
370361
377502
540100
731688
583429
931340
256673
225645
371054
119316
119719
359956
480067
582662
187120
285279
132852
631964
850339
73579
695982
867607
380511
840215
958051
245181
913188
366211
419604
648542
397691
306317
542396
454144
38005
125826
901836
811031
867823
272891
446699
987542
632847
926767
86557
819967
212046
735761
968283
578737
809341
664265
446344
189852
20832
404395
951386
450372
286958
370990
98915
684650
677308
641311
655146
231665
283489
556982
559048
151312
829873
5748
655207
979072
448867
258116
799039
177265
993877
283674
756003
803218
947940
202347
509423
968772
123095
460809
935497
410053
348151
34412
611055
25459
192075
266201
773477
991917
339536
848877
659581
685761
854625
314788
664834
819844
572904
980225
997110
83134
263900
753113
402704
211840
471812
912127
696964
594907
372936
632461
521313
721088
183225
132368
262899
891653
914922
552728
883570
770810
401606
543151
456571
772583
374292
637757
592428
463548
617983
589538
546682
881883
859003
949387
610075
330815
377866
823391
442075
750803
972205
479740
988243
155430
128460
767494
47083
559734
320223
447005
330544
238181
990157
787116
10764
880801
424873
603192
344349
559208
709082
407384
957443
568085
356771
567518
415253
734637
390910
373680
1792
363115
853420
506387
34897
981880
273882
598333
541615
110457
45338
388511
348638
551847
175627
359402
432648
116853
478947
776998
192413
188029
184382
149857
272467
57505
717375
204072
308494
624637
577752
310287
504104
947524
816674
539002
929404
606908
137335
987371
717365
699025
375883
66003
250873
67862
941758
683521
701067
420705
976871
893481
125086
161253
43338
397553
735110
277065
601625
43605
901703
695729
870244
922159
643253
686918
461161
89010
810179
114848
592733
527544
813874
484968
109900
581099
552831
51658
264620
770250
988715
757844
663731
113801
919097
223421
511355
170560
500487
629332
214165
918542
841414
84409
840701
484667
287679
818215
90029
97858
933063
682763
141755
263289
167731
251655
360740
236914
819665
625361
7165
808380
383205
187248
438533
818654
410670
466240
989214
911157
611925
719731
346051
453339
804140
186752
454358
608172
4967
544388
706030
454383
743503
364137
234024
427586
615792
594765
180853
951809
736478
704370
276541
119683
891618
715075
454689
302288
697667
960256
729797
309592
196339
75848
762931
516832
778953
217290
125004
783920
278030
347386
238303
537885
711524
472328
965471
843668
583445
146324
795478
319923
850694
72019
955958
258665
303446
410647
77305
517466
887255
807103
827058
83595
399303
106342
600427
178256
323632
241783
478529
118014
589169
233184
655899
300693
221864
137722
144362
805309
284047
456192
125232
651093
528211
81190
426110
348010
8190
503416
865476
411797
826871
208886
495392
742526
315228
612171
920783
155212
853954
915664
273226
443124
665200
929125
260169
887065
66848
404531
208726
867247
860723
333959
34692
905287
931501
460803
769649
939691
480571
151477
351489
307442
360363
363233
49968
675592
491757
487103
830804
345711
919119
620383
305187
584320
65860
565357
471385
649060
486240
680111
516307
863316
530422
67352
284955
461924
44507
570956
917967
525078
722433
785808
832520
599148
665394
398840
274740
157151
885944
621897
502862
805063
758632
324402
905735
824492
406111
377120
473553
892351
573584
506212
272019
104006
573564
556974
82282
134423
644282
250
659501
366715
302410
8373
965864
967804
407214
756956
124955
809510
895205
144170
130925
653837
468572
36661
994682
874683
930133
468235
283386
20069
974447
71758
124076
64364
145084
722710
198787
789367
239312
858289
156082
541723
383014
638298
25879
306580
395255
150835
632442
806812
811357
763368
460650
796281
316381
971684
670964
762866
439919
470702
782936
930718
542460
423364
995082
687545
146074
193870
993264
901739
568511
149346
443462
951525
303997
985693
774458
215604
136528
406900
22416
464237
686620
-999418
260518
519353
971102
447834
282220
411021
918537
581508
341740
977349
521224
853174
181246
183650
563396
174510
85389
131907
323857
45203
599785
144206
30897
374243
359810
683777
297495
382226
148015
984116
381645
408533
503469
869099
856368
302041
280121
291257
399901
138213
268606
921125
507739
449853
621128
71136
624363
706517
719395
464572
751721
319180
608778
782618
209775
968588
466395
23623
867167
130762
7739
248812
539296
27560
634263
912016
845954
430736
203273
762207
568949
988231
199685
593041
438084
820813
664177
578800
527330
383572
559724
795403
219105
684855
578021
945232
169795
560769
968855
36962
207883
976594
802126
263531
520507
436390
175547
366461
867126
378820
645020
952428
367052
844705
545469
321488
665518
725998
416640
192849
109570
976365
504604
845027
661220
598978
790260
347367
159747
759115
384330
883982
735710
186456
147514
772569
139198
323061
655382
6325
218234
300402
958753
101638
145108
20574
939478
326978
746572
356119
36179
372494
848836
540784
217522
26408
139762
7782
373775
815861
766897
758105
699843
18959
460914
847357
307880
600112
686771
963262
606437
905005
780017
81542
522995
441477
618468
462473
768455
881392
334944
804635
253887
183780
345419
987761
210188
1533
511895
100316
817394
795144
858421
517237
330456
835687
880947
638336
435800
84070
117951
558589
505427
897968
640132
28422
339445
774952
7247
624252
656345
342192
428887
426584
42324
290658
414345
768865
292191
926240
869181
625937
721384
243954
659527
51840
79642
540474
690177
515442
624544
808128
74031
129971
222448
230515
674745
78245
5468
681992
702497
661813
540536
131385
88397
582861
938395
502742
351726
746939
945334
220907
372876
666718
464861
32403
234911
544503
89229
925088
576297
230125
249568
650329
360096
988368
880844
551193
66613
402664
749538
769110
64477
290074
416847
669226
872935
355243
688320
741013
618534
633654
478272
991410
816725
459486
540166
51636
3989
629395
493076
96639
859521
742644
746968
735969
731012
144164
287163
313977
546829
36701
83087
127658
326775
499935
313237
716063
371530
1557
457076
990064
151564
451701
497826
968289
911187
37992
536277
431528
667388
29353
528167
526909
288349
791487
262878
535713
452004
66393
849690
998833
103094
932777
642843
946222
949064
956080
178637
320594
473990
152065
827010
141906
603766
324837
110195
514953
362829
162824
946482
30217
192177
991001
73478
996878
782489
336357
532591
234493
919102
382281
749678
538549
831410
908873
484771
780475
381306
663408
617421
855296
815473
444432
997202
935592
769269
623749
450545
132098
786573
913379
678668
495102
904381
752146
491980
686870
604855
24571
437715
523958
923204
187393
62507
754614
96266
63630
535089
993924
243390
668863
849220
575215
113295
362774
510807
882564
502875
961353
531014
805800
874732
726034
300902
779113
994533
309234
982335
599388
333805
420050
639698
773361
123795
218557
527976
736414
798539
579417
730338
41929
248280
95911
617145
877927
975037
644304
276843
477913
605657
807858
283713
996742
50244
584616
292207
44777
893850
790895
160518
744008
210945
800216
517369
851093
535126
561697
587507
333665
657467
834197
891947
422099
930108
25444
300027
905146
669748
576870
383059
791758
901080
183124
304852
951325
767740
597059
996102
177943
387954
156620
438303
115252
473189
472024
966345
524667
550074
70204
374684
207541
904401
266631
145992
834510
808427
962371
256008
994528
539242
639067
786286
956674
822191
91138
424351
106284
204549
936806
800579
592504
609778
755234
224108
82967
227258
190453
123986
293684
777009
498671
17577
681410
281654
163570
32272
90082
125941
288280
84610
181535
443699
387248
138210
782243
478386
562561
404879
682935
15719
721810
791791
625498
477044
15899
224817
220654
722704
348804
514339
499713
847475
48268
697476
645481
211838
729748
735563
854132
534381
336525
35667
978080
723773
690229
760323
718511
769143
681554
917799
784862
403364
709590
926712
880408
241842
151530
617415
480898
500334
648106
980612
864161
696374
194440
509642
908213
924188
245206
278697
458569
98083
830716
953002
338209
520946
229677
56720
806441
911232
490871
107655
314596
200462
34368
711357
958656
185898
328772
439554
202584
976878
936518
66745
189604
130958
576387
614169
571499
337945
892866
546420
436029
723583
15774
290590
760881
245452
863662
83674
156684
354534
191329
987632
71348
742049
215341
30004
444299
544113
985910
646883
37343
438781
713628
743300
569739
290016
357469
657590
144313
250336
720363
580342
973919
736137
387284
251152
981589
250947
334826
654625
605481
42507
158610
193181
784557
373951
223185
745208
434417
725447
392092
988112
164228
105720
731412
250320
912088
88882
907910
56402
339218
628273
153096
829489
364411
540381
80641
862352
307680
931819
33330
429513
974326
191940
622694
275235
565891
362231
20444
516660
87678
928888
504773
768259
550960
236185
18579
463049
841419
442841
35803
180637
71115
705251
526478
951878
761984
123471
330582
69664
55290
363912
499177
545969
72204
638223
337556
638096
454
874352
154756
604485
319592
175881
372744
870553
928419
391323
849954
769838
834164
402109
466828
421631
107360
993306
889861
385697
633130
220444
971713
688420
100708
987243
750741
172913
625466
604650
327361
625921
995354
998469
230406
314947
174351
603150
185500
102770
510825
35454
388960
344989
437563
855788
282973
61275
365447
172834
446972
998577
909630
418686
203349
10339
405929
470443
183252
547747
75093
510613
173668
70447
509082
920426
901746
199785
39928
87246
818907
550753
639052
207868
412095
592967
580008
211420
170595
945455
384254
133919
460384
293885
552605
663734
820576
474886
650529
3828
22634
725622
30793
712654
312421
56227
149433
214168
256013
189361
817766
74920
256467
973171
799140
184914
566138
379149
396334
253085
840956
296940
387005
301341
107177
939610
481427
927753
930849
131956
931581
469835
373930
478726
698841
686351
534954
364626
416871
790967
553988
750990
382239
326807
724161
181380
28073
806651
76881
940759
59737
917837
237699
446742
219178
344877
902704
700605
788982
349905
348913
236916
819740
722843
715642
34934
409195
250596
399560
342418
557915
469900
93408
456507
313059
333921
154239
341132
140573
231120
281891
200310
148957
35943
647052
884488
897172
66108
101445
686154
416014
450359
923070
752106
173202
638713
787040
98749
405661
702953
441168
479929
172853
50928
936436
485913
384850
607027
827045
525423
838147
625289
242085
987104
661232
405489
387944
558404
471597
489390
760910
887611
939749
683981
156070
112951
839046
943110
211701
244707
646063
169221
240988
335269
220149
693776
821182
121351
300803
164579
163126
138950
306220
405211
642407
967452
810700
30351
42208
798650
36093
803119
202613
975842
3452
358683
605146
842498
818146
816847
603557
464209
502420
360898
799478
722569
54674
137012
843921
871830
817944
7047
527132
124164
928611
169539
607969
255663
716243
166529
54313
752336
969648
256927
244531
489452
131962
849677
331950
950108
182876
451860
930670
685296
812758
246500
407865
867432
383513
768138
739262
201457
291538
782747
841973
220149
468638
449942
475812
184881
616472
46478
453570
102472
819757
214453
591925
951719
64130
440227
418180
763358
892087
348850
448654
704845
595350
372871
572278
495215
141010
827892
213024
948900
610639
54998
685401
595630
504940
161213
780511
637764
724043
750433
740237
60152
481238
332162
11872
61720
772389
946404
825078
664477
295254
273732
885674
406956
646604
457952
902172
303966
802197
115196
252866
929188
170194
938267
524818
191487
615832
821682
829251
856228
88467
569488
916380
569706
418002
444604
631426
706744
391008
972857
887573
202614
246589
773247
609571
409545
747552
28095
713511
66101
143291
482729
511641
829838
937348
552812
21325
553181
374494
366928
925761
979313
452769
842141
65371
387123
286746
213150
93867
677754
186007
497792
396721
432596
787392
6292
842142
534944
34387
72005
117397
694030
554735
629038
523868
492083
181850
61545
561616
72696
944826
487377
52010
397595
329519
117381
784718
132617
330531
394938
326723
32890
892730
723444
465487
680122
729736
823981
731418
280475
412338
848815
974506
483425
994206
14726
975509
176056
592624
53477
765105
537450
57207
817115
451397
903078
450848
236115
35695
297732
147405
362418
330622
556488
85863
312461
236610
331951
652794
484381
612427
65133
849548
103285
548558
843754
118011
40419
536163
226987
610249
301268
764437
667456
634735
215834
570534
601935
968302
606229
416019
115707
484999
746642
672195
570862
575455
425158
419166
228250
425891
547945
809735
275439
651230
874645
635546
285593
431417
688061
512581
41666
989329
793370
709122
140416
525557
796008
258703
493859
402237
674723
125918
403588
421365
314466
490803
513172
739624
909969
257774
681867
457914
583861
957306
109144
458507
109204
911089
889924
797265
423670
447942
302946
733393
157064
443362
258950
953072
218418
752809
871661
893141
395079
791601
830858
709545
282404
344030
965521
192373
601805
647388
166639
185666
121047
792135
160525
230251
703225
566801
27517
643247
14743
330463
376640
171807
290178
635590
641231
508596
904751
29244
401737
299831
820846
232595
9376
619602
92977
974898
328328
211134
138638
494967
913153
259685
803455
73678
489937
23032
156832
517454
666279
171575
364269
559272
859735
654447
711214
17318
163043
615966
46563
81132
432149
383761
830079
441525
519715
923057
932775
848043
650543
71414
859363
563696
331099
662818
153727
337388
685850
310559
854842
868481
482134
219112
944105
341869
389911
655320
359188
69307
787638
922103
150439
219787
822216
496871
177664
341931
419928
626792
706327
586823
214558
565690
150520
62009
228508
820599
399398
430710
131158
254240
815543
129644
989704
759649
471514
895968
931321
347054
965275
718959
785509
632066
938746
607725
128937
632762
466008
65217
259554
172335
652041
474112
254377
318913
536122
-999237
139512
935520
429947
270670
706112
761843
400314
212169
37844
388180
624489
969165
251586
589764
688124
37095
738182
143222
161172
867120
775984
143533
448689
551891
832220
100730
26003
86598
935995
78477
85835
75507
530349
32135
346177
752814
793978
262844
481335
831822
167376
105824
800987
418963
211940
5463
972410
950122
148685
649935
817242
441021
793468
782284
509264
142040
399366
535268
228638
335362
130097
314474
410869
176799
862961
273399
929613
656939
536243
927300
5113
219971
33124
322452
638934
761416
327915
127697
711538
992952
777632
45133
950325
87452
827417
459590
229492
226783
511210
974483
562145
641307
805309
489367
334458
668270
762766
780423
325209
815361
707723
846674
35332
257199
169126
190619
18615
13393
318316
246506
6345
612300
291639
956670
216104
635408
932612
961948
378543
443822
936431
940689
601482
741740
430056
935940
410010
709174
232716
251571
524535
940439
98245
76219
713991
267371
266838
248958
280764
101506
495464
803461
230158
303455
276484
962614
938863
209096
924563
317407
169271
860994
774448
770753
119087
720856
223045
529097
430030
972113
297021
470917
428905
395266
547136
142896
178990
330327
908206
976106
948185
403671
295920
178344
707126
572404
140958
162342
297852
65521
996101
467123
442868
770549
754228
561955
7757
493626
607404
437787
465739
904425
425056
894644
816044
972192
553892
995034
302519
462099
487492
250705
382122
783412
945401
605600
355816
602711
767942
170021
184585
764043
153496
627453
50944
907725
705760
58701
917703
829516
12840
899794
250294
437896
794439
66338
410089
864683
577724
228960
326782
65216
996017
708904
848629
457770
314505
720797
60482
598799
890818
245067
362843
44315
388872
930139
468392
610984
988841
386095
440500
1681
285889
207146
955930
596680
273484
366019
461364
851208
111331
788146
432777
623701
13403
281406
81471
844260
2203
141953
443059
893022
903372
322254
453689
808596
252394
922081
419580
757587
308176
376433
275620
110417
583579
231550
223450
373416
113921
684814
740976
225253
989312
173753
848954
519067
455159
446777
363327
973715
105083
806387
383089
8455
128641
836778
817052
381035
275211
752984
654974
99739
645769
930595
210156
229349
162145
433606
119117
276067
634772
860093
17672
624085
550199
866626
143152
521710
829755
22832
495425
934838
829219
394866
943294
957860
231644
276698
855248
23207
29682
510222
122946
191804
957169
849455
937505
119315
283061
56622
911734
434186
433067
929406
574623
983266
312384
234127
504977
142139
256959
516754
76978
86178
911621
536624
560391
659617
813322
931991
682825
359356
442213
322123
551160
915735
171578
488665
35050
970992
61639
946784
405178
494707
392542
496153
994325
704926
730280
15654
847065
987240
532409
440395
73418
960382
977019
150161
136351
790341
82152
335528
666050
40718
657652
217210
956453
345582
222228
991503
316574
283867
454639
238104
294926
363533
734257
289252
68459
464538
304906
431876
968130
353667
388624
557900
830401
365643
708062
966753
672337
790214
818633
338387
347284
992637
71949
303737
338220
810529
811592
171146
94397
782583
925603
389323
146116
659860
678575
730927
640750
499834
162804
608880
853501
551428
166781
683903
433423
391195
167008
105760
181409
985641
960499
528694
978279
548801
348783
832851
359330
160376
3997
970079
942959
929600
359403
605428
105813
554330
336355
746563
570516
15511
871796
424018
83291
554929
624273
516715
946124
791281
138827
643885
293274
99327
688931
787905
164480
554067
620756
523810
714443
141106
493890
173754
587058
369645
779182
692871
440327
631890
955787
10844
647401
343935
951214
730693
415216
575487
247408
877692
883120
902587
521577
692746
518266
726861
480652
682746
280928
617760
722909
511723
275218
733151
685477
862277
619148
981012
71500
59475
612902
543639
70319
776655
403926
21533
507348
819142
113372
271108
696834
512844
690048
734764
205591
208314
977977
202595
891061
258905
820355
130322
286980
611926
863473
972457
990555
482621
469821
578407
58448
599075
638399
645120
375731
42325
183005
399431
377820
296378
186892
591006
809222
876940
842122
531165
85254
820099
733760
492667
595356
70468
622989
882336
682394
2814
371146
189301
1787
840967
767708
60236
956395
406107
705356
332126
964785
404713
247909
858957
701091
434801
449963
26666
828093
808438
74183
913348
628537
807944
922367
223894
394764
61709
106230
593510
64523
993728
782811
582663
834696
550519
159251
791091
472979
380959
639569
954116
785672
887478
813073
3116
838632
779388
546134
666725
587826
620317
96425
732716
944613
18793
956610
339377
80502
579192
932887
661377
572921
232050
760392
923969
298922
919643
231412
771901
300602
870981
726017
86275
274811
55442
89391
629795
834830
635525
812873
939009
772194
909298
671725
716808
444443
144687
56185
41297
240231
505425
219027
813152
737475
979419
253473
36397
899063
484885
324650
199665
872218
567019
802292
663382
622461
408035
809529
973644
559912
622402
912653
332107
531701
584378
48915
492496
729065
621452
533794
969296
643229
752821
298801
897057
732240
68626
933454
147655
553512
774457
863673
942082
341476
665965
121816
963938
74001
931346
453934
633913
553748
366587
482372
601801
950965
531287
94298
196382
669092
628092
682030
312321
897265
980831
209378
629505
49458
659185
293513
119322
433642
157186
577756
291470
823151
699573
771760
413504
630919
225694
563770
701019
592281
46142
302821
59598
93782
397119
772332
279226
541563
454363
591547
438828
951546
317278
584685
1004
492815
878198
636678
442809
35384
730787
734279
858536
946712
22392
788392
93983
248086
352162
795002
356720
398305
97823
416318
8439
11294
188651
287665
552857
159366
395564
508037
110912
229194
92723
628269
722009
970921
264947
681170
6306
512086
931802
381194
458798
954194
169586
552781
718632
38101
347784
75352
952758
961959
8023
961197
489606
196674
248862
558815
356040
160778
66853
983304
389973
159576
611573
628334
646849
876521
825857
169507
904959
757659
550701
363758
228205
236640
916539
946837
274741
780675
22190
743851
742635
30213
705048
748593
743239
470262
307408
615631
147392
890613
598935
537365
566541
210509
682052
213391
603382
507909
382898
508341
265568
449952
872099
493773
686592
304991
956962
477685
85666
979152
737888
344653
525717
442936
93246
268956
429550
400655
400939
576942
291268
516227
630660
857810
726736
829064
587553
846470
336973
486803
354811
118893
936755
743263
129018
139699
48254
85980
133736
133920
581485
871624
478574
107202
830912
88172
892511
776814
488827
293450
870109
296448
809677
17121
670610
52765
846185
258163
899235
183158
261318
770399
818403
198074
513662
947421
854125
78268
33401
987862
728540
614886
859486
723466
238441
206751
811639
130952
983565
816818
940754
853674
113266
266784
870795
300228
835901
233332
74743
735137
416490
336062
21888
751245
534136
51902
698666
388261
130170
248420
892475
375062
379658
268314
614881
618099
475065
426520
265403
974982
759690
722510
345009
389309
989294
732156
689537
825195
965489
764281
76684
898331
616695
98572
649577
150831
150474
864595
55444
796996
629367
947920
688411
9026
732586
303292
143477
207651
246164
408881
182633
5854
131391
43994
911515
637037
776151
601053
462232
741640
881686
55269
156323
498381
153841
322252
165564
820668
186848
221008
134016
816215
685280
338779
341593
417866
642071
485071
141869
404587
410304
840855
926794
58047
884849
838309
695084
661000
439362
673668
918992
837400
728937
591668
335781
399131
913920
501345
736151
100768
238706
386519
433336
923986
725299
774929
858205
883722
260000
74
288310
670304
840929
215104
244703
242131
53413
456139
419483
9128
129808
854828
846528
375097
446496
182310
290580
360416
200007
543083
977537
438713
929603
410873
879052
654902
185802
253609
538624
445803
770035
343286
632459
610965
558390
877163
369448
128156
849654
788931
137284
495814
643759
983812
870912
606607
682474
677844
967024
398834
220928
944561
837547
666883
355434
232951
838137
541236
486560
893113
503391
256596
236400
135851
383913
311142
529366
269713
439298
379020
58644
92934
874835
218756
593099
262099
825363
275573
456295
308739
674407
193575
769652
28307
860458
125086
777610
698595
182675
780523
591709
202418
37119
344461
338269
937384
655603
383987
207097
94902
279360
782093
187836
670547
517201
780935
448998
858917
572861
905293
684008
763620
615221
453661
308279
475679
578747
85890
690627
277774
866413
798688
480193
419884
143149
334814
357268
798752
235154
80717
410006
514514
379162
114195
701413
412716
411482
150411
787985
500695
572056
471993
264316
187277
925654
572595
179309
20754
174837
869936
298528
41250
184976
295073
461134
328125
146240
334754
643229
381394
931823
569588
412260
827338
683783
113673
240054
611617
780436
544391
112313
352492
16384
892981
539770
942039
981928
235431
962793
156766
621719
777673
198016
806695
589099
175503
651172
735339
510257
810753
116733
958433
380341
45345
785771
580476
159018
542177
192094
939454
86568
820759
808298
619304
230092
864420
561343
212020
99851
40488
368786
721570
334514
83155
528265
439965
258658
695789
175304
285267
506543
808389
760052
886884
853734
62175
467361
529104
604352
175807
468558
207272
512918
276856
342929
743010
657629
420624
955030
757480
977465
840169
479051
311979
439676
523668
268296
698334
219458
443600
499953
726001
768341
260006
129237
622075
322181
112950
151179
442886
288757
136089
166510
318027
929297
509439
61037
586926
930064
532420
344407
423881
888941
339810
735860
328617
379830
520508
543303
599288
964108
559608
841641
732449
335966
487231
870876
174500
600181
538407
617386
405291
674496
300248
723318
603793
326040
300708
707072
772456
349480
567831
196337
238421
907641
448549
83390
803823
969057
626693
403112
449517
702653
761105
698318
38620
764688
569194
213120
364870
107601
346858
286513
298449
647106
526183
418594
489498
343243
125666
261954
692723
693497
974643
447496
117490
423192
47238
921314
908601
673931
840778
358118
892937
118235
56436
931557
882924
625630
144677
764146
249583
491535
50659
548032
654993
93194
966627
144492
436438
92293
406446
645513
302143
897442
93010
935985
320634
656600
373651
229236
846884
214429
587354
739821
849017
160143
671378
248293
785773
816055
12439
551709
307590
579450
99741
962583
188996
582720
107075
625434
191366
29874
270948
493509
927316
880310
945846
764302
536910
319498
509890
383794
50279
613597
123615
899296
773740
311345
147589
75865
127400
676380
627574
434990
772182
243668
913926
961179
826388
537353
102965
17754
83579
890265
27615
527247
286927
973462
291550
340190
292960
801440
240336
343239
931389
880304
758888
705129
191649
422829
780995
319050
615562
924921
270392
387744
168589
700670
865275
511330
238024
968241
529084
321603
858506
556700
365203
145434
46514
656753
1976
339474
974545
242312
199065
905935
122616
474305
127416
314266
897135
424763
633316
512697
349685
420060
416793
34626
120731
282069
545956
358755
766662
75041
196710
141520
148093
561913
803306
710959
735018
805282
50433
225916
47595
765850
648203
170211
756508
775619
484477
169995
200383
634145
199044
66420
54206
615837
101046
691289
414258
163355
566396
180920
754748
763106
322441
902841
841372
125747
613800
92742
447382
180585
318658
494977
462787
483213
181540
735647
258833
182370
905642
975568
816515
104686
558340
387073
236876
175738
78362
651134
339093
644758
348407
93841
924217
187200
513034
281941
829299
643186
374683
276681
340123
209694
771658
319263
692907
953199
54910
468092
135569
960553
960012
468436
581591
518352
371862
818467
210443
966576
469602
549536
127687
334361
159730
568256
521561
189116
850197
350860
832303
741232
143894
688778
950926
915552
8041
160186
385103
62952
628278
37024
539857
104643
21813
121448
139347
910027
939916
349790
876603
925870
415679
520642
260231
575409
88898
298144
764525
939095
165356
113180
196680
309250
801959
147606
741155
326352
307792
642610
389304
452423
195987
445513
557066
217800
566962
696413
127827
506878
562556
520782
949100
978235
41425
725683
69996
130323
23827
834521
585771
705535
464054
782451
14786
782365
446409
272293
108717
270554
914903
14374
722977
110890
459887
796395
845042
26849
9160
972869
50079
571716
10004
515531
549951
51429
241214
619947
698104
781393
970821
283875
486929
951227
582678
18067
733592
545440
290360
842309
815994
205263
856683
55323
832506
316571
368070
677548
859772
377230
166770
426204
948947
176774
941735
15250
228203
182950
635198
926307
964343
122371
726535
451272
73598
825565
469339
323542
887357
276051
165851
219703
481315
538887
275026
830173
371810
159448
507721
231582
536679
674491
657786
1978
851265
599522
17228
595820
298824
168778
38480
263167
807501
765015
230792
881099
106932
216483
204641
994290
492535
886845
730345
490202
425732
521724
320375
313894
681172
344448
545476
217851
535292
719615
736181
386557
835489
753410
498730
134313
922188
537210
913832
246042
818577
144624
127141
441861
877460
848135
436151
369995
251332
166497
376549
193416
688221
213276
507310
885745
557724
569138
619949
93016
288753
356130
995926
124242
109540
494656
774907
548081
548218
688740
794123
366795
349716
437616
808656
227176
802103
761160
113523
53435
444009
490072
763203
648582
219700
270513
534327
293777
356004
154276
903145
644757
510407
899071
285352
136299
910079
60259
684380
974649
265351
994855
341444
615068
432472
666453
842244
750927
943965
955768
804363
904326
962192
83918
552908
698245
870784
603587
992022
226788
274216
895167
387897
300975
310591
673249
437274
220670
249861
638007
711672
31564
149214
569468
646632
581686
235921
488877
848966
696238
960997
653329
600564
439541
253599
669824
137786
124383
273412
129808
351171
63980
24976
739069
364955
851919
928670
318581
588941
694883
472940
300613
726448
622155
870082
373080
720193
106003
378309
569159
318594
855658
738840
919158
811552
992440
588983
949338
116823
378747
595499
467995
442727
136827
723416
324034
988746
168438
158967
577687
863322
631908
878301
106122
770415
748383
995554
490608
370738
373864
576120
689332
745874
314960
124843
557426
823752
713826
23117
940576
608925
618616
924923
51652
755443
164691
892038
744189
333129
51005
321876
196451
682913
716529
302573
453328
981264
298128
460289
352003
188344
36409
557687
450570
867721
682530
524349
691474
912708
547466
148402
521633
166082
589677
89637
921525
754368
981675
182066
87497
32681
20294
800301
231946
736824
619226
685275
718088
433706
661916
586443
138402
214677
144131
105325
82398
343013
629674
290224
255722
177140
954978
293707
343222
61007
383345
781099
815375
365020
963165
419225
914053
499811
735878
146000
236635
355104
831275
471076
305163
9543
573871
959917
224220
718002
65242
822970
577368
694916
629547
349442
872056
100877
643149
731630
161885
542846
512729
493612
424219
992246
429189
338272
492058
165067
484272
245045
36524
831899
232473
341687
841442
806345
301604
582014
40699
883199
921337
618067
578115
550884
483861
450172
651761
643363
698154
329998
186209
210884
823611
610428
719482
252800
948701
727892
417868
949325
972938
970744
781225
205411
828783
139019
528108
646739
721034
568808
529938
642371
186875
108054
709607
187089
74578
877720
830452
772732
207719
16661
499968
31330
143442
735803
284130
608495
463695
218350
557820
436633
705446
855397
158397
534229
994417
686505
697321
231803
255313
227259
390526
958541
851665
616485
145630
926243
494205
492434
215328
701924
509095
231648
733254
168889
967451
533737
777384
431147
268439
335205
384132
490238
706954
58881
24467
701371
745387
721788
449526
517052
465400
356404
991945
317065
972889
653927
759661
467095
146361
974989
169019
171809
206637
418626
340698
174089
468715
118083
121588
253506
969640
505720
743744
676594
564602
284564
894318
826341
522704
860196
343393
988104
216601
851691
305170
189490
505618
581183
172937
168332
556172
858309
340141
279161
276935
197191
453250
262002
315274
574838
515508
801266
596911
775605
477861
161513
60169
888531
987854
582873
748727
847599
87330
481680
699290
908852
187523
721261
490035
360460
405945
46207
735121
262438
325368
12056
459629
294971
790410
291256
386161
822271
92522
983072
597876
86735
660937
174397
491618
648791
757270
756698
12743
360952
238378
228385
269804
942253
465998
759839
819066
871943
322398
554187
650733
164119
566244
110363
975442
873006
917971
361603
695277
526845
861028
293153
129933
521965
983902
621551
687109
257525
894601
699852
618477
132980
928237
888282
591585
394236
164473
410651
782531
3224
964839
433265
683695
47435
59980
659137
920441
977951
537092
132071
504796
398120
425224
151081
436438
925479
772633
123547
183004
667234
339751
801481
316566
784340
206115
424504
178576
886941
835155
477460
890165
799994
910725
573860
363781
970705
749349
284223
948656
286441
416294
969804
684562
357870
120886
637352
799701
409871
277251
982705
593457
617002
784187
426376
401342
990302
850880
96271
393595
686035
573731
283760
2382
484456
373972
882515
455161
123321
166738
920169
409763
99384
406325
610677
973607
527211
248029
773308
453434
41632
756014
46892
658634
56553
989620
576328
563207
840500
672599
956803
42887
246330
756915
561621
247138
130888
444137
218651
254209
127227
138820
180324
742964
61498
791001
232923
588709
555382
522583
558496
597014
794949
605388
772000
851502
111360
348329
931062
468212
20928
887865
511099
783611
644780
589073
547101
292020
549562
765753
62582
676789
420925
242906
936105
482423
550260
169028
587485
105642
207964
145981
219009
2913
267721
507361
370768
379081
855690
301830
847293
392971
706047
874744
692934
867179
463817
240035
159200
13379
5788
221782
206521
943066
981040
658978
425489
531300
828007
12974
153295
552323
158955
372304
555236
426676
879665
926004
322109
251708
227834
169402
644679
450233
44147
853965
317413
24316
94000
476613
554048
616141
214747
276921
559207
195787
935899
984696
727088
280258
514023
396735
832581
672978
769039
387818
616007
165056
830174
454468
933116
574361
623871
94147
24594
184370
948112
342007
208686
42113
334972
279086
658254
66071
556007
217461
261859
491907
718509
505299
772165
232532
902034
121099
421863
187425
25269
554222
868833
855443
8690
801950
429804
632561
412449
970751
333283
360562
312758
58322
919027
164083
337408
577281
230154
893416
311094
8365
901675
545955
513664
190192
778488
932050
311291
200351
635827
336560
270925
504661
708356
279615
822963
654512
428529
235412
625263
761812
112326
454374
820134
31353
618457
673895
124986
364963
83663
952432
373329
985338
498388
403345
691882
276876
851748
3174
993579
487575
856086
264504
508588
80794
60471
331551
735307
489000
566964
360570
767165
679290
331296
103651
226996
466105
777546
351982
831069
861209
304415
720750
362899
802803
640447
54782
596031
492195
574308
105962
496123
946746
886818
4711
27541
947289
336263
762848
436290
419579
639770
719807
615221
487419
823458
842217
953524
601005
710552
784593
978566
531319
21695
341466
334122
662143
396248
446505
154338
486908
68819
166813
433654
955637
171525
461195
419278
24140
740395
371920
443719
896518
91727
575292
383937
915186
933862
337461
32543
644414
122055
11109
175733
143750
868927
26207
322245
265175
989064
476584
752083
57883
159749
185738
529872
331274
163285
949150
355414
903681
321071
315485
800199
412798
890778
184136
844336
824640
521597
876879
985406
160004
887989
677491
820107
756916
703698
142352
538444
209114
135288
806879
266997
295038
508969
796869
142664
188607
746019
498079
92288
583442
813564
408839
996241
220694
109327
356929
561686
147276
233809
547092
307281
638150
740935
643740
911418
444633
302444
966214
653747
437733
289446
437096
249123
798415
233965
391787
987022
496337
889866
595662
79779
219783
4501
592372
440477
113828
949302
2164
261105
699463
65608
84738
337613
806544
244830
765383
767529
547274
731598
937629
985007
21044
374725
750482
335811
125043
142270
839186
137732
32136
434848
217511
768271
955702
326236
725101
585882
791890
243617
363339
491353
309225
448077
345318
632121
209259
627053
916003
756534
358651
853632
257893
896047
744709
8376
748211
869752
150646
587397
7484
699134
22245
741348
467406
494299
583936
192507
80182
375826
436124
443521
383531
261701
407951
245201
410175
617210
872254
326178
890096
747258
179810
147990
159657
924519
156366
907868
310624
823364
495265
318108
38850
33863
575808
506256
44514
159744
215115
124696
535570
167591
568218
435453
945645
492521
680654
355820
109731
69261
681998
-999828
816519
378160
664170
492528
819031
820536
400397
129655
160252
412014
964116
199102
962229
539924
221711
6744
699669
953178
647792
751591
120770
732362
187045
66415
224883
384051
938587
850967
453312
620585
850795
786183
515097
31317
278712
334128
368205
195461
463784
528457
123827
427900
243911
86057
484176
465622
609153
183845
418801
256945
451789
539571
989308
638834
122338
730543
539237
60925
581510
992550
197862
948657
295085
712959
979974
573797
47087
348179
285610
27223
392988
409438
971475
636900
11847
455652
102522
137352
155849
37675
910649
607638
577246
416309
762824
215936
146853
302062
793213
244715
294612
507427
193373
589697
220386
689699
679847
783826
37879
481809
327401
430867
407599
298877
584119
935798
270881
686642
73150
426730
724317
500152
34369
817916
916461
313545
550204
579666
615607
343418
824382
910219
367197
17755
16269
103936
707454
212468
887762
261685
694277
731515
208905
618229
30392
793024
554027
301273
996018
143530
244356
720336
643682
795077
54604
76495
108622
604808
656162
724230
464578
996896
150801
831776
14651
683422
935712
238457
895890
339826
16495
106520
71341
225400
724749
618086
534776
795128
435711
530795
938658
680067
251131
98692
991496
305735
691540
100119
426895
347702
824349
407826
344598
491502
755954
875601
174925
691666
630410
70815
547844
646905
693687
135537
388657
934788
269975
923434
246269
705687
454229
701279
902106
221712
799972
893603
527447
491512
510074
470694
355566
850775
878520
216516
342277
634474
608469
517202
842492
238879
104370
906688
402137
314409
42226
790794
249198
312201
714228
495467
534240
684809
196746
952699
906521
513070
362654
950320
520934
872728
421015
392852
723503
815887
609368
65780
966714
217837
582983
325558
973069
203705
232247
375206
518114
790825
166000
767312
619378
396581
779131
669971
81390
492230
622670
987912
521652
985324
454584
558939
374404
875599
951791
97907
207839
77512
680039
174553
811701
779374
16463
784770
983079
765062
159976
501194
555887
842329
784858
691618
755262
80342
361589
353004
88924
500611
857268
610576
2287
311853
169515
376691
703804
121307
474598
911643
715171
670989
602548
526872
450364
619012
311643
433443
900426
987971
450989
972666
346652
235848
664284
618266
832542
542225
971271
921466
559188
828539
532042
561475
140392
217910
938166
360549
855569
929116
272192
570740
600105
391093
97612
50469
10105
925607
265
910531
429931
451254
399549
776583
203454
63833
394850
35996
122410
882473
957462
681598
711012
5857
243073
367757
223767
697591
728306
79336
626707
516850
650076
743165
907943
264040
793634
434400
189648
310251
861284
135931
761506
260833
912514
964960
841019
823716
957
963429
222541
474771
161380
449906
996980
404453
817663
220747
618397
62321
816435
245104
95523
466511
504621
3467
246904
814608
954219
952904
124859
815503
88835
886365
76337
517701
851326
433708
857770
368635
397137
80311
359758
74869
530217
356739
995675
864232
93838
614072
442905
910274
375528
538429
893137
880150
58248
140041
694758
12467
92945
819617
344323
181780
222335
937012
215834
590013
370720
73604
475000
284209
670267
834758
359079
200485
707849
354754
64717
801688
968826
23975
711962
344354
562404
605099
740856
137004
261493
435614
149471
354438
771584
493794
52571
993919
430806
784757
583932
317878
858361
58932
602088
528628
893690
961167
245465
117892
832273
826535
919580
317451
850510
147894
661805
929266
752993
919014
66270
14486
354628
732093
885277
126212
225888
454200
636483
173046
238957
220415
490925
97318
279347
609365
142298
689390
570532
387764
807282
919157
730651
243214
236608
581161
391108
414765
26779
660453
333779
93049
191292
688408
825142
76569
330972
567382
530769
967456
740429
286078
704223
747706
383396
983571
357071
42046
189313
443955
946162
512947
363112
676813
756161
599720
774326
663621
530837
801105
324074
864617
410506
515366
69377
235649
591935
400349
319383
639056
884157
59812
925134
588381
323870
824882
88304
680941
383281
277617
641248
329443
306916
4360
522609
63077
120432
296935
726698
651270
614393
567124
32239
24899
82491
101616
776900
190778
501965
96284
346187
902475
672448
787673
490856
996319
612556
95512
193612
512189
889481
834861
841632
196397
355573
880593
775826
992358
693881
18876
159980
308274
586000
192219
849525
184843
293835
626426
375622
795800
722710
238161
214627
911510
25834
221835
907829
154742
317347
617794
666931
206828
452655
24916
919577
324580
905509
695403
316938
115742
230631
476918
940368
332984
669137
789894
517827
962972
932672
409801
275125
171734
647962
6104
83244
190149
227940
507426
344891
545287
125220
528175
268468
577875
553091
704397
418807
974952
916153
735746
90695
146784
729016
31063
479768
914506
337309
513948
393830
269981
923749
668955
441715
571712
191412
41312
761861
419352
548738
623104
480991
673958
151279
265811
768185
704370
970209
186992
195675
886362
439090
802722
549498
168107
833785
545619
598965
687447
59567
992795
957428
499668
178103
915496
587732
369515
956808
865945
788867
505546
489050
786210
179504
640329
52022
947689
861052
22231
651033
573079
424945
90124
375801
490795
774583
725938
552766
373548
413385
612333
882695
887166
628354
60798
319014
216086
430313
275822
82032
735532
781368
87434
521743
477224
244115
573765
941265
621519
112348
592298
194598
53645
198774
86751
544440
973357
812690
97207
863257
742427
225892
745953
145945
854246
806751
464959
586685
753417
740781
668717
5301
38501
756151
527044
32077
266
617161
973342
621786
729509
81993
332736
783154
280767
419488
843947
770477
748530
457506
633734
7309
683398
896039
153255
53997
219143
618214
640682
972560
875348
825751
977861
430201
98254
21258
462279
614872
638419
951973
753010
884281
33966
85747
667435
314734
21587
27734
85211
770117
485240
235297
777426
168639
131337
447033
738988
866832
581600
379670
839392
456948
721773
333605
403501
820027
871215
865780
434899
25987
334106
704262
910268
368072
790009
577703
199158
811596
121790
284369
98065
607030
36019
391843
292021
683708
355229
31009
550540
936829
927031
906284
910129
648804
756241
313630
985183
627457
695763
936435
653444
29869
640697
563712
914293
430706
657767
113452
758654
779557
914173
373071
386588
950192
281266
678609
633900
636495
225971
184440
573324
153002
90724
483453
318159
846966
313436
303342
990775
525551
756129
644219
555420
396826
724283
469713
343884
382050
99517
618890
677960
13691
991961
580900
963883
789580
775861
114136
426075
1832
814928
515752
671187
422005
515557
989346
268971
828993
809040
776098
354544
565170
420317
426316
478348
660952
412382
822233
559354
511899
441123
237314
41942
949437
334566
5826
739017
110428
636314
681444
628612
451242
197196
816151
389599
712754
805497
174922
58099
130890
951020
928996
212412
887689
355312
690760
548641
767694
512993
107996
795946
470469
861662
837888
419906
196229
360066
675275
823009
996380
873071
451621
963975
70268
267773
353574
299374
589622
528497
873825
236864
995869
802821
449276
883559
158134
140037
432200
442180
169382
56548
238126
639851
918211
76015
576109
114440
952433
251384
453801
465166
124456
905422
945493
711076
689547
815419
526802
279170
860268
400627
32386
856138
203449
481663
739697
877935
138052
688249
320115
307434
744798
74594
463638
663009
666961
39747
293801
619394
807484
747602
84560
931940
169376
30053
159368
858924
845473
686170
654446
705741
86797
686832
561879
806598
684847
817928
684533
822899
506178
521001
646686
250976
595595
110324
430337
262556
150071
240490
881950
957555
988092
482863
405847
157468
512916
565215
532744
874741
767737
187190
96835
370887
390375
175066
177485
75222
992995
378371
898122
15525
899372
61160
782853
494967
171484
213190
757523
837907
453680
155825
795463
958124
638688
717662
115592
667957
282878
164689
59050
50615
351879
155885
937854
258606
847304
115340
333829
840299
10063
748303
372176
909435
809463
155029
920754
497299
368219
194629
335206
338251
350454
130669
296375
505495
848332
928319
689804
647562
93008
748854
214529
961240
421092
152384
219846
268396
784076
70027
625047
794139
818330
997223
219926
144145
152252
140680
641444
36823
335309
976651
375074
202115
623672
187801
707610
988356
632472
913766
152270
241833
662621
366800
203073
83713
35536
939271
868461
819612
9299
493508
130103
343981
490731
350029
488127
642983
490709
645923
679806
342370
138926
571232
544485
762599
275385
768448
267307
424209
682214
419578
666042
861187
302730
385467
944900
338266
324739
329713
674230
850390
823221
804333
710723
313952
154362
198850
956935
161423
361126
153093
503793
500052
240677
48278
779003
32414
333078
562663
456624
15293
982241
639018
876480
801323
24486
337733
139589
865577
667446
330171
232319
490668
